@ NAME             %08s "TRACKONE"
@ TYPE             %08s "TRACKONE"
@ TITLE            %01s "s"
@ ORIGIN           %18s "5.06.01 Windows 64"
@ DATE             %08s "31/08/21"
@ TIME             %08s "11.40.16"
*          NUMBER            TURN               X              PX               Y              PY               T              PT               S               E 
$             %le             %le             %le             %le             %le             %le             %le             %le             %le             %le 
#segment       1       2     100       0 start                                          
     1.000000000     0.000000000     0.000519813     0.000077553     0.000487587     0.000112665    -0.000034956    -0.002355841     0.000000000     0.150000870
     2.000000000     0.000000000    -0.000382298    -0.000082051     0.000571840     0.000096703    -0.000039397    -0.002387605     0.000000000     0.150000870
     3.000000000     0.000000000     0.000022159    -0.000003483    -0.000035136    -0.000023872    -0.000042477    -0.001865958     0.000000000     0.150000870
     4.000000000     0.000000000     0.000435384     0.000055275     0.000034087     0.000002219     0.000062415     0.002317096     0.000000000     0.150000870
     5.000000000     0.000000000    -0.000041827     0.000021163     0.000231335     0.000034296    -0.000052550    -0.001555305     0.000000000     0.150000870
     6.000000000     0.000000000     0.000111458     0.000006473    -0.000286941    -0.000041193    -0.000115052    -0.001835446     0.000000000     0.150000870
     7.000000000     0.000000000     0.000179397    -0.000003186     0.000092968     0.000062837    -0.000105755    -0.002951767     0.000000000     0.150000870
     8.000000000     0.000000000    -0.000421227    -0.000124402     0.000609003     0.000099721     0.000103217     0.003106482     0.000000000     0.150000870
     9.000000000     0.000000000     0.000192699     0.000054758    -0.000274879    -0.000082704    -0.000006899    -0.000466463     0.000000000     0.150000870
    10.000000000     0.000000000    -0.000023373     0.000013348     0.000105065    -0.000005306     0.000047794     0.001963033     0.000000000     0.150000870
    11.000000000     0.000000000     0.000311186     0.000080977    -0.000001192    -0.000039614     0.000071048     0.002028069     0.000000000     0.150000870
    12.000000000     0.000000000     0.000148892    -0.000026330     0.000270523     0.000009884     0.000015622     0.000702940     0.000000000     0.150000870
    13.000000000     0.000000000     0.000012977     0.000032109    -0.000052336    -0.000028270     0.000044870     0.001854683     0.000000000     0.150000870
    14.000000000     0.000000000     0.000058676    -0.000001935    -0.000187215     0.000030940     0.000025827     0.001993146     0.000000000     0.150000870
    15.000000000     0.000000000     0.000333634     0.000066959    -0.000387341    -0.000091232     0.000019340     0.001002320     0.000000000     0.150000870
    16.000000000     0.000000000    -0.000129181    -0.000018450    -0.000055063     0.000007180    -0.000100388    -0.003028493     0.000000000     0.150000870
    17.000000000     0.000000000     0.000375475     0.000075462    -0.000258067    -0.000082138     0.000012433     0.001005621     0.000000000     0.150000870
    18.000000000     0.000000000    -0.000439080    -0.000128481    -0.000056802     0.000005641     0.000058169     0.001934295     0.000000000     0.150000870
    19.000000000     0.000000000    -0.000158220    -0.000008696     0.000108591     0.000057346     0.000000395    -0.000259697     0.000000000     0.150000870
    20.000000000     0.000000000     0.000313537     0.000012296    -0.000190704    -0.000048470    -0.000068940    -0.002493480     0.000000000     0.150000870
    21.000000000     0.000000000     0.000174087     0.000002293     0.000570025     0.000090263    -0.000068047    -0.002005904     0.000000000     0.150000870
    22.000000000     0.000000000    -0.000109909    -0.000011489     0.000065079     0.000006827    -0.000124143    -0.003263892     0.000000000     0.150000870
    23.000000000     0.000000000    -0.000101396    -0.000020672     0.000081890     0.000041255    -0.000053764    -0.001967542     0.000000000     0.150000870
    24.000000000     0.000000000     0.000087681     0.000042938    -0.000438703    -0.000087100     0.000074764     0.002991808     0.000000000     0.150000870
    25.000000000     0.000000000     0.000282398     0.000099089     0.000240537     0.000080624     0.000034860     0.001041920     0.000000000     0.150000870
    26.000000000     0.000000000    -0.000076597    -0.000033938     0.000021950     0.000021511    -0.000073484    -0.002822106     0.000000000     0.150000870
    27.000000000     0.000000000    -0.000386943    -0.000087612     0.000190055     0.000039093     0.000043150     0.001168145     0.000000000     0.150000870
    28.000000000     0.000000000     0.000182131     0.000053806    -0.000060560    -0.000057830    -0.000017896    -0.000375100     0.000000000     0.150000870
    29.000000000     0.000000000     0.000134888     0.000028855    -0.000469199    -0.000087670    -0.000030360    -0.001481260     0.000000000     0.150000870
    30.000000000     0.000000000    -0.000141245    -0.000002740    -0.000084077    -0.000026875    -0.000048886    -0.001399296     0.000000000     0.150000870
    31.000000000     0.000000000     0.000652350     0.000105941    -0.000360704    -0.000056090    -0.000060732    -0.003150317     0.000000000     0.150000870
    32.000000000     0.000000000    -0.000120752    -0.000023332     0.000178100     0.000061548     0.000095257     0.002948083     0.000000000     0.150000870
    33.000000000     0.000000000     0.000077254     0.000029555     0.000411745     0.000066202     0.000003128     0.000381837     0.000000000     0.150000870
    34.000000000     0.000000000     0.000334962     0.000057274     0.000024615     0.000040851     0.000102117     0.002998408     0.000000000     0.150000870
    35.000000000     0.000000000     0.000008870    -0.000019954     0.000644055     0.000126488    -0.000023370    -0.000360512     0.000000000     0.150000870
    36.000000000     0.000000000     0.000016438    -0.000022094    -0.000319239    -0.000052825    -0.000049237    -0.001370340     0.000000000     0.150000870
    37.000000000     0.000000000    -0.000353700    -0.000074609    -0.000420791    -0.000121965    -0.000049655    -0.001265275     0.000000000     0.150000870
    38.000000000     0.000000000    -0.000011479    -0.000008483     0.000189118     0.000003927     0.000043215     0.001650770     0.000000000     0.150000870
    39.000000000     0.000000000    -0.000307795    -0.000041080     0.000275699     0.000037420     0.000085857     0.002331119     0.000000000     0.150000870
    40.000000000     0.000000000    -0.000004164    -0.000010970     0.000579159     0.000080825    -0.000014416    -0.000597242     0.000000000     0.150000870
    41.000000000     0.000000000     0.000037960     0.000013032    -0.000201065    -0.000051462     0.000051897     0.001750045     0.000000000     0.150000870
    42.000000000     0.000000000    -0.000239132    -0.000072892     0.000275838     0.000069996    -0.000103981    -0.002546692     0.000000000     0.150000870
    43.000000000     0.000000000    -0.000189289     0.000024806     0.000204149     0.000052243     0.000115117     0.002168595     0.000000000     0.150000870
    44.000000000     0.000000000     0.000052628    -0.000040811    -0.000257769    -0.000035976    -0.000008469    -0.000900873     0.000000000     0.150000870
    45.000000000     0.000000000    -0.000231776    -0.000058988     0.000195152     0.000063841     0.000007354     0.001343045     0.000000000     0.150000870
    46.000000000     0.000000000    -0.000052222     0.000025192     0.000202091     0.000041701     0.000032599     0.001691883     0.000000000     0.150000870
    47.000000000     0.000000000    -0.000378244    -0.000067577    -0.000029470     0.000000573    -0.000113671    -0.002681167     0.000000000     0.150000870
    48.000000000     0.000000000    -0.000569162    -0.000126212     0.000249122     0.000044088     0.000017664     0.000694169     0.000000000     0.150000870
    49.000000000     0.000000000    -0.000243595    -0.000037033    -0.000044996    -0.000007214     0.000037628     0.000502907     0.000000000     0.150000870
    50.000000000     0.000000000     0.000127993     0.000031118     0.000172102     0.000043508     0.000050935     0.002395608     0.000000000     0.150000870
    51.000000000     0.000000000    -0.000115379    -0.000025145    -0.000374963    -0.000087745    -0.000066346    -0.002624793     0.000000000     0.150000870
    52.000000000     0.000000000    -0.000577774    -0.000105530     0.000244168     0.000026540     0.000015806     0.000571009     0.000000000     0.150000870
    53.000000000     0.000000000     0.000127136     0.000039894     0.000199179     0.000012041    -0.000106098    -0.001832765     0.000000000     0.150000870
    54.000000000     0.000000000     0.000545040     0.000088304    -0.000347094    -0.000028490    -0.000073651    -0.002888518     0.000000000     0.150000870
    55.000000000     0.000000000    -0.000183488    -0.000055761    -0.000566255    -0.000154878     0.000043977     0.001505569     0.000000000     0.150000870
    56.000000000     0.000000000    -0.000058261    -0.000008672     0.000163172     0.000059463     0.000059192     0.001892633     0.000000000     0.150000870
    57.000000000     0.000000000    -0.000457906    -0.000093654     0.000029357    -0.000007320    -0.000010492    -0.000839327     0.000000000     0.150000870
    58.000000000     0.000000000     0.000093824     0.000006348    -0.000141783    -0.000012444     0.000061505     0.002194858     0.000000000     0.150000870
    59.000000000     0.000000000    -0.000288636    -0.000073065    -0.000271454    -0.000058959     0.000027099     0.002288632     0.000000000     0.150000870
    60.000000000     0.000000000    -0.000069828     0.000018646    -0.000657525    -0.000079655    -0.000032883    -0.001574250     0.000000000     0.150000870
    61.000000000     0.000000000    -0.000165146    -0.000019066    -0.000284736    -0.000056523     0.000035992     0.000379431     0.000000000     0.150000870
    62.000000000     0.000000000     0.000127386     0.000044151     0.000268941     0.000011030     0.000118327     0.002134632     0.000000000     0.150000870
    63.000000000     0.000000000    -0.000368051    -0.000078584     0.000162154     0.000060310    -0.000064828    -0.002686256     0.000000000     0.150000870
    64.000000000     0.000000000    -0.000399682    -0.000047250     0.000212675     0.000001739     0.000076358     0.002422145     0.000000000     0.150000870
    65.000000000     0.000000000    -0.000059462    -0.000020406    -0.000531458    -0.000113305     0.000084077     0.002741420     0.000000000     0.150000870
    66.000000000     0.000000000    -0.000387700    -0.000083418    -0.000099847    -0.000034035    -0.000013711    -0.000569815     0.000000000     0.150000870
    67.000000000     0.000000000    -0.000089119    -0.000011370     0.000048838     0.000034828     0.000044215     0.001548745     0.000000000     0.150000870
    68.000000000     0.000000000     0.000407658     0.000127496    -0.000345238    -0.000039571    -0.000055312    -0.002172693     0.000000000     0.150000870
    69.000000000     0.000000000    -0.000054327     0.000020142     0.000025276     0.000008278    -0.000048537    -0.001280482     0.000000000     0.150000870
    70.000000000     0.000000000    -0.000305837    -0.000064479    -0.000182948    -0.000033053    -0.000043629    -0.001721265     0.000000000     0.150000870
    71.000000000     0.000000000    -0.000292549    -0.000057134     0.000265563     0.000041804    -0.000056146    -0.002368768     0.000000000     0.150000870
    72.000000000     0.000000000     0.000082861     0.000084790     0.000073132    -0.000038907    -0.000094473    -0.003145230     0.000000000     0.150000870
    73.000000000     0.000000000     0.000186071     0.000032827     0.000091058     0.000032488    -0.000049237    -0.001448177     0.000000000     0.150000870
    74.000000000     0.000000000     0.000209391     0.000055297     0.000172908     0.000030427     0.000022058     0.001247758     0.000000000     0.150000870
    75.000000000     0.000000000    -0.000220634    -0.000065297    -0.000430613    -0.000033611     0.000037562     0.000440480     0.000000000     0.150000870
    76.000000000     0.000000000    -0.000121727    -0.000027983    -0.000139283    -0.000045517    -0.000035555    -0.002327380     0.000000000     0.150000870
    77.000000000     0.000000000     0.000243806     0.000022498     0.000005287     0.000015562     0.000044227     0.001589995     0.000000000     0.150000870
    78.000000000     0.000000000    -0.000491447    -0.000062560    -0.000168983    -0.000089410     0.000084117     0.002834095     0.000000000     0.150000870
    79.000000000     0.000000000     0.000296353     0.000043791     0.000024212     0.000015615    -0.000006624    -0.000166470     0.000000000     0.150000870
    80.000000000     0.000000000     0.000025224     0.000027887     0.000430932     0.000085942    -0.000024659    -0.000480110     0.000000000     0.150000870
    81.000000000     0.000000000     0.000617799     0.000060573    -0.000260660    -0.000008153    -0.000004313    -0.000291500     0.000000000     0.150000870
    82.000000000     0.000000000    -0.000271310    -0.000066828    -0.000191257    -0.000018599     0.000034736     0.001045907     0.000000000     0.150000870
    83.000000000     0.000000000     0.000158928    -0.000028103    -0.000271482    -0.000020568     0.000061915     0.002321907     0.000000000     0.150000870
    84.000000000     0.000000000     0.000517122     0.000079453     0.000696766     0.000148544     0.000047867     0.002151820     0.000000000     0.150000870
    85.000000000     0.000000000     0.000230263     0.000098103    -0.000424742    -0.000040368    -0.000028543    -0.001212350     0.000000000     0.150000870
    86.000000000     0.000000000     0.000322438     0.000070766    -0.000255055    -0.000032285     0.000042875     0.001253670     0.000000000     0.150000870
    87.000000000     0.000000000     0.000035712     0.000007942     0.000157271     0.000044856     0.000005346     0.000697358     0.000000000     0.150000870
    88.000000000     0.000000000     0.000083875    -0.000020126    -0.000340359    -0.000078906     0.000043550     0.001557132     0.000000000     0.150000870
    89.000000000     0.000000000     0.000159141     0.000032786     0.000127941     0.000012446    -0.000046168    -0.001334588     0.000000000     0.150000870
    90.000000000     0.000000000    -0.000335136    -0.000032088    -0.000239784    -0.000077106     0.000071195     0.002273371     0.000000000     0.150000870
    91.000000000     0.000000000     0.000258374     0.000074336    -0.000024108     0.000021672    -0.000058068    -0.002725579     0.000000000     0.150000870
    92.000000000     0.000000000     0.000155113     0.000072063     0.000259938     0.000022245     0.000049303     0.002050621     0.000000000     0.150000870
    93.000000000     0.000000000     0.000098910     0.000011637    -0.000262556    -0.000015060     0.000044170     0.001803259     0.000000000     0.150000870
    94.000000000     0.000000000    -0.000169588    -0.000001211    -0.000022674    -0.000025993    -0.000037321    -0.002444942     0.000000000     0.150000870
    95.000000000     0.000000000     0.000349903     0.000085594    -0.000069067    -0.000038260    -0.000064355    -0.002903367     0.000000000     0.150000870
    96.000000000     0.000000000    -0.000358997    -0.000085375    -0.000028743    -0.000012267    -0.000026728    -0.000837525     0.000000000     0.150000870
    97.000000000     0.000000000     0.000416991     0.000054068     0.000366472     0.000042649     0.000009957     0.001667820     0.000000000     0.150000870
    98.000000000     0.000000000     0.000180242     0.000046615     0.000013443     0.000015427     0.000025806     0.001570058     0.000000000     0.150000870
    99.000000000     0.000000000     0.000100699    -0.000004575    -0.000056753    -0.000017596     0.000036538     0.000401458     0.000000000     0.150000870
   100.000000000     0.000000000    -0.000260550    -0.000021065     0.000141461     0.000050292    -0.000030254    -0.001288085     0.000000000     0.150000870
#segment       2       2     100      87 MERGE                                          
     1.000000000     1.000000000     0.000016053     0.001102426    -0.000027782    -0.002440073    -0.000000996    -0.002355841    15.317000000     0.150000870
     2.000000000     1.000000000     0.000041959    -0.003366031     0.000007851    -0.002247385    -0.000010459    -0.002387605    15.317000000     0.150000870
     3.000000000     1.000000000     0.000000812    -0.000002210     0.000001766     0.000197048    -0.000018938    -0.001865958    15.317000000     0.150000870
     4.000000000     1.000000000    -0.000000926     0.001587111    -0.000018377    -0.000184814     0.000026694     0.002317096    15.317000000     0.150000870
     5.000000000     1.000000000     0.000004349    -0.000001245    -0.000007203    -0.001086093    -0.000030540    -0.001555305    15.317000000     0.150000870
     6.000000000     1.000000000    -0.000008395     0.000016557     0.000014878     0.001346717    -0.000094378    -0.001835446    15.317000000     0.150000870
     7.000000000     1.000000000     0.000012257     0.000311926     0.000006392    -0.000512305    -0.000068472    -0.002951767    15.317000000     0.150000870
     8.000000000     1.000000000     0.000070219    -0.004314772    -0.000013342    -0.002498419     0.000062656     0.003106482    15.317000000     0.150000870
     9.000000000     1.000000000    -0.000017800     0.000786844    -0.000006442     0.001412434    -0.000002942    -0.000466463    15.317000000     0.150000870
    10.000000000     1.000000000    -0.000002164     0.000098383    -0.000012428    -0.000486505     0.000019562     0.001963033    15.317000000     0.150000870
    11.000000000     1.000000000    -0.000014987     0.001647979    -0.000021982     0.000061996     0.000039686     0.002028069    15.317000000     0.150000870
    12.000000000     1.000000000     0.000023107    -0.000286616    -0.000023528    -0.001248618     0.000007863     0.000702940    15.317000000     0.150000870
    13.000000000     1.000000000    -0.000012212     0.000442448    -0.000008324     0.000289088     0.000016724     0.001854683    15.317000000     0.150000870
    14.000000000     1.000000000    -0.000005324    -0.000001827     0.000015855     0.000821780    -0.000004999     0.001993146    15.317000000     0.150000870
    15.000000000     1.000000000    -0.000018415     0.000917433    -0.000005139     0.001988093     0.000002574     0.001002320    15.317000000     0.150000870
    16.000000000     1.000000000    -0.000000975    -0.000546040     0.000016890     0.000233626    -0.000064384    -0.003028493    15.317000000     0.150000870
    17.000000000     1.000000000    -0.000016910     0.001416275    -0.000010663     0.001379778    -0.000003860     0.001005621    15.317000000     0.150000870
    18.000000000     1.000000000     0.000029060    -0.003013506     0.000031464     0.000244938     0.000031699     0.001934295    15.317000000     0.150000870
    19.000000000     1.000000000     0.000004260    -0.000529189     0.000009260    -0.000568746     0.000005394    -0.000259697    15.317000000     0.150000870
    20.000000000     1.000000000     0.000000285     0.000684590     0.000005432     0.000944844    -0.000039417    -0.002493480    15.317000000     0.150000870
    21.000000000     1.000000000     0.000032391    -0.000786897    -0.000031629    -0.002576018    -0.000038842    -0.002005904    15.317000000     0.150000870
    22.000000000     1.000000000     0.000002703    -0.000404944     0.000006681    -0.000283417    -0.000084504    -0.003263892    15.317000000     0.150000870
    23.000000000     1.000000000     0.000007615    -0.000541525     0.000010730    -0.000413788    -0.000027920    -0.001967542    15.317000000     0.150000870
    24.000000000     1.000000000    -0.000020989    -0.000015246    -0.000001569     0.002201580     0.000026471     0.002991808    15.317000000     0.150000870
    25.000000000     1.000000000    -0.000009242     0.001550737    -0.000017002    -0.001319256     0.000021668     0.001041920    15.317000000     0.150000870
    26.000000000     1.000000000     0.000008141    -0.000643103     0.000014282    -0.000118521    -0.000038904    -0.002822106    15.317000000     0.150000870
    27.000000000     1.000000000     0.000027685    -0.002347070     0.000012889    -0.000842354     0.000029820     0.001168145    15.317000000     0.150000870
    28.000000000     1.000000000    -0.000011912     0.001052760    -0.000014381     0.000375891    -0.000013921    -0.000375100    15.317000000     0.150000870
    29.000000000     1.000000000    -0.000020158    -0.000179402     0.000011732     0.002217535    -0.000015992    -0.001481260    15.317000000     0.150000870
    30.000000000     1.000000000    -0.000006043    -0.000380813     0.000006169     0.000417265    -0.000031426    -0.001399296    15.317000000     0.150000870
    31.000000000     1.000000000    -0.000026859     0.002092254    -0.000006265     0.001793703    -0.000024453    -0.003150317    15.317000000     0.150000870
    32.000000000     1.000000000     0.000009085    -0.000715585    -0.000000214    -0.000915880     0.000053250     0.002948083    15.317000000     0.150000870
    33.000000000     1.000000000     0.000014721    -0.000086881    -0.000021489    -0.001983661     0.000001139     0.000381837    15.317000000     0.150000870
    34.000000000     1.000000000    -0.000005146     0.001419117    -0.000010581    -0.000204412     0.000055194     0.002998408    15.317000000     0.150000870
    35.000000000     1.000000000     0.000041507    -0.001834657    -0.000026189    -0.002865756    -0.000013851    -0.000360512    15.317000000     0.150000870
    36.000000000     1.000000000    -0.000005452    -0.000665586     0.000020925     0.001480208    -0.000034923    -0.001370340    15.317000000     0.150000870
    37.000000000     1.000000000    -0.000006700    -0.002686735     0.000032400     0.001861301    -0.000041477    -0.001265275    15.317000000     0.150000870
    38.000000000     1.000000000     0.000008718    -0.000259761    -0.000014807    -0.000878570     0.000020913     0.001650770    15.317000000     0.150000870
    39.000000000     1.000000000     0.000016896    -0.001566996    -0.000001945    -0.001266115     0.000055542     0.002331119    15.317000000     0.150000870
    40.000000000     1.000000000     0.000032786    -0.001393319    -0.000028011    -0.002577834    -0.000002525    -0.000597242    15.317000000     0.150000870
    41.000000000     1.000000000    -0.000010274     0.000088825    -0.000000753     0.001019047     0.000024640     0.001750045    15.317000000     0.150000870
    42.000000000     1.000000000     0.000026087    -0.001924453     0.000012143    -0.001204394    -0.000072134    -0.002546692    15.317000000     0.150000870
    43.000000000     1.000000000    -0.000004114    -0.000244127    -0.000003499    -0.001029780     0.000085198     0.002168595    15.317000000     0.150000870
    44.000000000     1.000000000     0.000002910    -0.000707573     0.000022014     0.001193071     0.000000853    -0.000900873    15.317000000     0.150000870
    45.000000000     1.000000000     0.000021127    -0.001535990     0.000008859    -0.000940162    -0.000008584     0.001343045    15.317000000     0.150000870
    46.000000000     1.000000000    -0.000000276     0.000065387    -0.000009412    -0.001011769     0.000009623     0.001691883    15.317000000     0.150000870
    47.000000000     1.000000000     0.000005166    -0.001879575     0.000027046     0.000135941    -0.000083430    -0.002681167    15.317000000     0.150000870
    48.000000000     1.000000000     0.000041476    -0.003579206     0.000021699    -0.001018445     0.000008907     0.000694169    15.317000000     0.150000870
    49.000000000     1.000000000     0.000002357    -0.001086071     0.000010505     0.000215426     0.000031087     0.000502907    15.317000000     0.150000870
    50.000000000     1.000000000     0.000001551     0.000565191    -0.000014866    -0.000902386     0.000015980     0.002395608    15.317000000     0.150000870
    51.000000000     1.000000000    -0.000012745    -0.001175393     0.000022938     0.001711055    -0.000039394    -0.002624793    15.317000000     0.150000870
    52.000000000     1.000000000     0.000033869    -0.003227168     0.000016562    -0.000992495     0.000009412     0.000571009    15.317000000     0.150000870
    53.000000000     1.000000000     0.000001927     0.000661857    -0.000015101    -0.000932061    -0.000081188    -0.001832765    15.317000000     0.150000870
    54.000000000     1.000000000    -0.000021650     0.001763301     0.000003471     0.001670142    -0.000040415    -0.002888518    15.317000000     0.150000870
    55.000000000     1.000000000    -0.000008327    -0.002547773     0.000025523     0.002590915     0.000015663     0.001505569    15.317000000     0.150000870
    56.000000000     1.000000000     0.000007333    -0.000357929    -0.000001099    -0.000846133     0.000033391     0.001892633    15.317000000     0.150000870
    57.000000000     1.000000000     0.000017330    -0.002500908     0.000022905    -0.000090687    -0.000000585    -0.000839327    15.317000000     0.150000870
    58.000000000     1.000000000    -0.000005461     0.000218297     0.000002832     0.000685168     0.000027570     0.002194858    15.317000000     0.150000870
    59.000000000     1.000000000     0.000003415    -0.002023879     0.000018750     0.001272293    -0.000007522     0.002288632    15.317000000     0.150000870
    60.000000000     1.000000000    -0.000032252    -0.001462697     0.000030180     0.002864071    -0.000021291    -0.001574250    15.317000000     0.150000870
    61.000000000     1.000000000    -0.000009378    -0.000963317     0.000012607     0.001346458     0.000028318     0.000379431    15.317000000     0.150000870
    62.000000000     1.000000000     0.000002245     0.000591323    -0.000028084    -0.001308716     0.000088291     0.002134632    15.317000000     0.150000870
    63.000000000     1.000000000     0.000018081    -0.002141857     0.000025962    -0.000717350    -0.000033189    -0.002686256    15.317000000     0.150000870
    64.000000000     1.000000000     0.000013101    -0.001748669    -0.000001592    -0.000927089     0.000044485     0.002422145    15.317000000     0.150000870
    65.000000000     1.000000000    -0.000013606    -0.001536647     0.000014335     0.002529595     0.000038296     0.002741420    15.317000000     0.150000870
    66.000000000     1.000000000     0.000010202    -0.002197259     0.000023083     0.000477238    -0.000007763    -0.000569815    15.317000000     0.150000870
    67.000000000     1.000000000     0.000001851    -0.000361095     0.000003897    -0.000278816     0.000022742     0.001548745    15.317000000     0.150000870
    68.000000000     1.000000000    -0.000039772     0.001929415    -0.000010232     0.001696846    -0.000029972    -0.002172693    15.317000000     0.150000870
    69.000000000     1.000000000    -0.000005200     0.000154137     0.000001249    -0.000126375    -0.000031562    -0.001280482    15.317000000     0.150000870
    70.000000000     1.000000000     0.000001352    -0.001785178     0.000027706     0.000819932    -0.000024914    -0.001721265    15.317000000     0.150000870
    71.000000000     1.000000000     0.000020026    -0.001768725     0.000007535    -0.001134475    -0.000025999    -0.002368768    15.317000000     0.150000870
    72.000000000     1.000000000    -0.000019351     0.001273948    -0.000016492    -0.000275747    -0.000055943    -0.003145230    15.317000000     0.150000870
    73.000000000     1.000000000     0.000001647     0.000793425    -0.000004982    -0.000476804    -0.000029769    -0.001448177    15.317000000     0.150000870
    74.000000000     1.000000000    -0.000002056     0.001031559    -0.000018695    -0.000888898     0.000004746     0.001247758    15.317000000     0.150000870
    75.000000000     1.000000000    -0.000003737    -0.002134074     0.000042408     0.001867932     0.000026184     0.000440480    15.317000000     0.150000870
    76.000000000     1.000000000    -0.000001773    -0.000747569     0.000012611     0.000675870    -0.000008207    -0.002327380    15.317000000     0.150000870
    77.000000000     1.000000000     0.000000955     0.000813335    -0.000006438    -0.000058184     0.000020320     0.001589995    15.317000000     0.150000870
    78.000000000     1.000000000     0.000000306    -0.002199928     0.000003422     0.000872132     0.000042889     0.002834095    15.317000000     0.150000870
    79.000000000     1.000000000    -0.000001549     0.001178937    -0.000008037    -0.000148182    -0.000004792    -0.000166470    15.317000000     0.150000870
    80.000000000     1.000000000     0.000015511    -0.000292176    -0.000014970    -0.002059997    -0.000014656    -0.000480110    15.317000000     0.150000870
    81.000000000     1.000000000    -0.000005042     0.001752922     0.000007259     0.001265516    -0.000002259    -0.000291500    15.317000000     0.150000870
    82.000000000     1.000000000     0.000004943    -0.001730640     0.000023132     0.000862782     0.000019180     0.001045907    15.317000000     0.150000870
    83.000000000     1.000000000     0.000001808    -0.000298110     0.000016108     0.001292273     0.000025280     0.002321907    15.317000000     0.150000870
    84.000000000     1.000000000     0.000030400     0.000156677    -0.000051794    -0.003519625     0.000023235     0.002151820    15.317000000     0.150000870
    85.000000000     1.000000000    -0.000034839     0.001050855    -0.000001504     0.002036772    -0.000015773    -0.001212350    15.317000000     0.150000870
    86.000000000     1.000000000    -0.000017164     0.001302030    -0.000001081     0.001279230     0.000022724     0.001253670    15.317000000     0.150000870
    87.000000000     1.000000000     0.000006015     0.000082309    -0.000005617    -0.000799363    -0.000003131     0.000697358    15.317000000     0.150000870
    88.000000000     1.000000000    -0.000003918    -0.000563619     0.000009955     0.001673377     0.000018202     0.001557132    15.317000000     0.150000870
    89.000000000     1.000000000     0.000001892     0.000713712    -0.000011146    -0.000612950    -0.000027905    -0.001334588    15.317000000     0.150000870
    90.000000000     1.000000000    -0.000008962    -0.001466942     0.000003862     0.001183038     0.000036963     0.002273371    15.317000000     0.150000870
    91.000000000     1.000000000    -0.000013513     0.001493804    -0.000001594     0.000070579    -0.000024601    -0.002725579    15.317000000     0.150000870
    92.000000000     1.000000000    -0.000005014     0.000995914    -0.000027083    -0.001302125     0.000020442     0.002050621    15.317000000     0.150000870
    93.000000000     1.000000000    -0.000009379     0.000118934     0.000010448     0.001249266     0.000015598     0.001803259    15.317000000     0.150000870
    94.000000000     1.000000000    -0.000005215    -0.000389677     0.000004632     0.000144706    -0.000007231    -0.002444942    15.317000000     0.150000870
    95.000000000     1.000000000    -0.000017117     0.001779071    -0.000012285     0.000382049    -0.000029384    -0.002903367    15.317000000     0.150000870
    96.000000000     1.000000000     0.000014172    -0.002114740     0.000022295     0.000152098    -0.000016656    -0.000837525    15.317000000     0.150000870
    97.000000000     1.000000000     0.000015381     0.001039357    -0.000040297    -0.001850716    -0.000011597     0.001667820    15.317000000     0.150000870
    98.000000000     1.000000000    -0.000007680     0.000982675    -0.000008245    -0.000098420     0.000002162     0.001570058    15.317000000     0.150000870
    99.000000000     1.000000000     0.000001921     0.000143055    -0.000000438     0.000288877     0.000030363     0.000401458    15.317000000     0.150000870
   100.000000000     1.000000000     0.000006838    -0.000970827     0.000011942    -0.000677814    -0.000012016    -0.001288085    15.317000000     0.150000870
#segment       3       2     100      89 end                                            
     1.000000000     1.000000000     0.000126556     0.001102426    -0.000272367    -0.002440073    -0.000001359    -0.002355841    15.417000000     0.150000870
     2.000000000     1.000000000    -0.000295453    -0.003366031    -0.000217427    -0.002247385    -0.000011284    -0.002387605    15.417000000     0.150000870
     3.000000000     1.000000000     0.000000590    -0.000002210     0.000021507     0.000197048    -0.000018942    -0.001865958    15.417000000     0.150000870
     4.000000000     1.000000000     0.000157418     0.001587111    -0.000036815    -0.000184814     0.000026570     0.002317096    15.417000000     0.150000870
     5.000000000     1.000000000     0.000004225    -0.000001245    -0.000115981    -0.001086093    -0.000030601    -0.001555305    15.417000000     0.150000870
     6.000000000     1.000000000    -0.000006737     0.000016557     0.000149798     0.001346717    -0.000094471    -0.001835446    15.417000000     0.150000870
     7.000000000     1.000000000     0.000043542     0.000311926    -0.000044991    -0.000512305    -0.000068493    -0.002951767    15.417000000     0.150000870
     8.000000000     1.000000000    -0.000359928    -0.004314772    -0.000262413    -0.002498419     0.000061424     0.003106482    15.417000000     0.150000870
     9.000000000     1.000000000     0.000060922     0.000786844     0.000134867     0.001412434    -0.000003074    -0.000466463    15.417000000     0.150000870
    10.000000000     1.000000000     0.000007655     0.000098383    -0.000060984    -0.000486505     0.000019552     0.001963033    15.417000000     0.150000870
    11.000000000     1.000000000     0.000149477     0.001647979    -0.000015795     0.000061996     0.000039553     0.002028069    15.417000000     0.150000870
    12.000000000     1.000000000    -0.000005534    -0.000286616    -0.000148302    -0.001248618     0.000007781     0.000702940    15.417000000     0.150000870
    13.000000000     1.000000000     0.000031951     0.000442448     0.000020531     0.000289088     0.000016712     0.001854683    15.417000000     0.150000870
    14.000000000     1.000000000    -0.000005506    -0.000001827     0.000097870     0.000821780    -0.000005030     0.001993146    15.417000000     0.150000870
    15.000000000     1.000000000     0.000073236     0.000917433     0.000193472     0.001988093     0.000002336     0.001002320    15.417000000     0.150000870
    16.000000000     1.000000000    -0.000055744    -0.000546040     0.000040323     0.000233626    -0.000064405    -0.003028493    15.417000000     0.150000870
    17.000000000     1.000000000     0.000124576     0.001416275     0.000127177     0.001379778    -0.000004054     0.001005621    15.417000000     0.150000870
    18.000000000     1.000000000    -0.000271710    -0.003013506     0.000055911     0.000244938     0.000031246     0.001934295    15.417000000     0.150000870
    19.000000000     1.000000000    -0.000048672    -0.000529189    -0.000047629    -0.000568746     0.000005364    -0.000259697    15.417000000     0.150000870
    20.000000000     1.000000000     0.000068915     0.000684590     0.000100153     0.000944844    -0.000039489    -0.002493480    15.417000000     0.150000870
    21.000000000     1.000000000    -0.000046457    -0.000786897    -0.000289749    -0.002576018    -0.000039209    -0.002005904    15.417000000     0.150000870
    22.000000000     1.000000000    -0.000037924    -0.000404944    -0.000021753    -0.000283417    -0.000084520    -0.003263892    15.417000000     0.150000870
    23.000000000     1.000000000    -0.000046644    -0.000541525    -0.000030731    -0.000413788    -0.000027946    -0.001967542    15.417000000     0.150000870
    24.000000000     1.000000000    -0.000022509    -0.000015246     0.000217933     0.002201580     0.000026234     0.002991808    15.417000000     0.150000870
    25.000000000     1.000000000     0.000145671     0.001550737    -0.000148790    -0.001319256     0.000021462     0.001041920    15.417000000     0.150000870
    26.000000000     1.000000000    -0.000056352    -0.000643103     0.000002396    -0.000118521    -0.000038929    -0.002822106    15.417000000     0.150000870
    27.000000000     1.000000000    -0.000206749    -0.002347070    -0.000071249    -0.000842354     0.000029511     0.001168145    15.417000000     0.150000870
    28.000000000     1.000000000     0.000093404     0.001052760     0.000023222     0.000375891    -0.000013984    -0.000375100    15.417000000     0.150000870
    29.000000000     1.000000000    -0.000038125    -0.000179402     0.000233815     0.002217535    -0.000016242    -0.001481260    15.417000000     0.150000870
    30.000000000     1.000000000    -0.000044177    -0.000380813     0.000047954     0.000417265    -0.000031444    -0.001399296    15.417000000     0.150000870
    31.000000000     1.000000000     0.000183029     0.002092254     0.000173672     0.001793703    -0.000024839    -0.003150317    15.417000000     0.150000870
    32.000000000     1.000000000    -0.000062263    -0.000715585    -0.000091533    -0.000915880     0.000053186     0.002948083    15.417000000     0.150000870
    33.000000000     1.000000000     0.000006036    -0.000086881    -0.000219780    -0.001983661     0.000000942     0.000381837    15.417000000     0.150000870
    34.000000000     1.000000000     0.000136341     0.001419117    -0.000030961    -0.000204412     0.000055096     0.002998408    15.417000000     0.150000870
    35.000000000     1.000000000    -0.000142026    -0.001834657    -0.000312870    -0.002865756    -0.000014431    -0.000360512    15.417000000     0.150000870
    36.000000000     1.000000000    -0.000072102    -0.000665586     0.000169149     0.001480208    -0.000035057    -0.001370340    15.417000000     0.150000870
    37.000000000     1.000000000    -0.000275715    -0.002686735     0.000218767     0.001861301    -0.000042014    -0.001265275    15.417000000     0.150000870
    38.000000000     1.000000000    -0.000017215    -0.000259761    -0.000102519    -0.000878570     0.000020873     0.001650770    15.417000000     0.150000870
    39.000000000     1.000000000    -0.000139439    -0.001566996    -0.000128262    -0.001266115     0.000055343     0.002331119    15.417000000     0.150000870
    40.000000000     1.000000000    -0.000106630    -0.001393319    -0.000285949    -0.002577834    -0.000002956    -0.000597242    15.417000000     0.150000870
    41.000000000     1.000000000    -0.000001407     0.000088825     0.000100974     0.001019047     0.000024590     0.001750045    15.417000000     0.150000870
    42.000000000     1.000000000    -0.000166850    -0.001924453    -0.000108604    -0.001204394    -0.000072396    -0.002546692    15.417000000     0.150000870
    43.000000000     1.000000000    -0.000028474    -0.000244127    -0.000106254    -0.001029780     0.000085144     0.002168595    15.417000000     0.150000870
    44.000000000     1.000000000    -0.000067911    -0.000707573     0.000141428     0.001193071     0.000000755    -0.000900873    15.417000000     0.150000870
    45.000000000     1.000000000    -0.000132266    -0.001535990    -0.000085031    -0.000940162    -0.000008745     0.001343045    15.417000000     0.150000870
    46.000000000     1.000000000     0.000006252     0.000065387    -0.000110418    -0.001011769     0.000009574     0.001691883    15.417000000     0.150000870
    47.000000000     1.000000000    -0.000183297    -0.001879575     0.000040677     0.000135941    -0.000083612    -0.002681167    15.417000000     0.150000870
    48.000000000     1.000000000    -0.000316199    -0.003579206    -0.000080075    -0.001018445     0.000008216     0.000694169    15.417000000     0.150000870
    49.000000000     1.000000000    -0.000106196    -0.001086071     0.000032037     0.000215426     0.000031027     0.000502907    15.417000000     0.150000870
    50.000000000     1.000000000     0.000057935     0.000565191    -0.000104889    -0.000902386     0.000015926     0.002395608    15.417000000     0.150000870
    51.000000000     1.000000000    -0.000130594    -0.001175393     0.000194494     0.001711055    -0.000039614    -0.002624793    15.417000000     0.150000870
    52.000000000     1.000000000    -0.000288666    -0.003227168    -0.000082631    -0.000992495     0.000008843     0.000571009    15.417000000     0.150000870
    53.000000000     1.000000000     0.000068235     0.000661857    -0.000108479    -0.000932061    -0.000081255    -0.001832765    15.417000000     0.150000870
    54.000000000     1.000000000     0.000155192     0.001763301     0.000170970     0.001670142    -0.000040715    -0.002888518    15.417000000     0.150000870
    55.000000000     1.000000000    -0.000262723    -0.002547773     0.000284227     0.002590915     0.000015007     0.001505569    15.417000000     0.150000870
    56.000000000     1.000000000    -0.000028392    -0.000357929    -0.000085553    -0.000846133     0.000033351     0.001892633    15.417000000     0.150000870
    57.000000000     1.000000000    -0.000232972    -0.002500908     0.000013828    -0.000090687    -0.000000899    -0.000839327    15.417000000     0.150000870
    58.000000000     1.000000000     0.000016321     0.000218297     0.000071199     0.000685168     0.000027547     0.002194858    15.417000000     0.150000870
    59.000000000     1.000000000    -0.000198512    -0.002023879     0.000145689     0.001272293    -0.000007804     0.002288632    15.417000000     0.150000870
    60.000000000     1.000000000    -0.000178753    -0.001462697     0.000317040     0.002864071    -0.000021811    -0.001574250    15.417000000     0.150000870
    61.000000000     1.000000000    -0.000105673    -0.000963317     0.000147202     0.001346458     0.000028181     0.000379431    15.417000000     0.150000870
    62.000000000     1.000000000     0.000061251     0.000591323    -0.000158677    -0.001308716     0.000088190     0.002134632    15.417000000     0.150000870
    63.000000000     1.000000000    -0.000196682    -0.002141857    -0.000045966    -0.000717350    -0.000033449    -0.002686256    15.417000000     0.150000870
    64.000000000     1.000000000    -0.000161344    -0.001748669    -0.000094077    -0.000927089     0.000044293     0.002422145    15.417000000     0.150000870
    65.000000000     1.000000000    -0.000166851    -0.001536647     0.000266604     0.002529595     0.000037864     0.002741420    15.417000000     0.150000870
    66.000000000     1.000000000    -0.000209649    -0.002197259     0.000070835     0.000477238    -0.000008017    -0.000569815    15.417000000     0.150000870
    67.000000000     1.000000000    -0.000034203    -0.000361095    -0.000023941    -0.000278816     0.000022733     0.001548745    15.417000000     0.150000870
    68.000000000     1.000000000     0.000153590     0.001929415     0.000159822     0.001696846    -0.000030306    -0.002172693    15.417000000     0.150000870
    69.000000000     1.000000000     0.000010233     0.000154137    -0.000011405    -0.000126375    -0.000031566    -0.001280482    15.417000000     0.150000870
    70.000000000     1.000000000    -0.000177474    -0.001785178     0.000109840     0.000819932    -0.000025110    -0.001721265    15.417000000     0.150000870
    71.000000000     1.000000000    -0.000157267    -0.001768725    -0.000106182    -0.001134475    -0.000026224    -0.002368768    15.417000000     0.150000870
    72.000000000     1.000000000     0.000108446     0.001273948    -0.000044153    -0.000275747    -0.000056032    -0.003145230    15.417000000     0.150000870
    73.000000000     1.000000000     0.000081105     0.000793425    -0.000052732    -0.000476804    -0.000029813    -0.001448177    15.417000000     0.150000870
    74.000000000     1.000000000     0.000100971     0.001031559    -0.000107474    -0.000888898     0.000004655     0.001247758    15.417000000     0.150000870
    75.000000000     1.000000000    -0.000217051    -0.002134074     0.000229120     0.001867932     0.000025783     0.000440480    15.417000000     0.150000870
    76.000000000     1.000000000    -0.000076704    -0.000747569     0.000080356     0.000675870    -0.000008260    -0.002327380    15.417000000     0.150000870
    77.000000000     1.000000000     0.000082160     0.000813335    -0.000012247    -0.000058184     0.000020288     0.001589995    15.417000000     0.150000870
    78.000000000     1.000000000    -0.000219066    -0.002199928     0.000090389     0.000872132     0.000042614     0.002834095    15.417000000     0.150000870
    79.000000000     1.000000000     0.000116364     0.001178937    -0.000022858    -0.000148182    -0.000004863    -0.000166470    15.417000000     0.150000870
    80.000000000     1.000000000    -0.000013720    -0.000292176    -0.000221069    -0.002059997    -0.000014874    -0.000480110    15.417000000     0.150000870
    81.000000000     1.000000000     0.000170301     0.001752922     0.000133848     0.001265516    -0.000002493    -0.000291500    15.417000000     0.150000870
    82.000000000     1.000000000    -0.000167940    -0.001730640     0.000109320     0.000862782     0.000018995     0.001045907    15.417000000     0.150000870
    83.000000000     1.000000000    -0.000027934    -0.000298110     0.000145036     0.001292273     0.000025195     0.002321907    15.417000000     0.150000870
    84.000000000     1.000000000     0.000046034     0.000156677    -0.000403003    -0.003519625     0.000022620     0.002151820    15.417000000     0.150000870
    85.000000000     1.000000000     0.000070374     0.001050855     0.000202421     0.002036772    -0.000016038    -0.001212350    15.417000000     0.150000870
    86.000000000     1.000000000     0.000112876     0.001302030     0.000126682     0.001279230     0.000022560     0.001253670    15.417000000     0.150000870
    87.000000000     1.000000000     0.000014240     0.000082309    -0.000085498    -0.000799363    -0.000003163     0.000697358    15.417000000     0.150000870
    88.000000000     1.000000000    -0.000060192    -0.000563619     0.000177033     0.001673377     0.000018048     0.001557132    15.417000000     0.150000870
    89.000000000     1.000000000     0.000073358     0.000713712    -0.000072523    -0.000612950    -0.000027951    -0.001334588    15.417000000     0.150000870
    90.000000000     1.000000000    -0.000155324    -0.001466942     0.000121898     0.001183038     0.000036789     0.002273371    15.417000000     0.150000870
    91.000000000     1.000000000     0.000136276     0.001493804     0.000005483     0.000070579    -0.000024717    -0.002725579    15.417000000     0.150000870
    92.000000000     1.000000000     0.000094374     0.000995914    -0.000157029    -0.001302125     0.000020311     0.002050621    15.417000000     0.150000870
    93.000000000     1.000000000     0.000002493     0.000118934     0.000135149     0.001249266     0.000015522     0.001803259    15.417000000     0.150000870
    94.000000000     1.000000000    -0.000044278    -0.000389677     0.000019138     0.000144706    -0.000007242    -0.002444942    15.417000000     0.150000870
    95.000000000     1.000000000     0.000161308     0.001779071     0.000026031     0.000382049    -0.000029554    -0.002903367    15.417000000     0.150000870
    96.000000000     1.000000000    -0.000197480    -0.002114740     0.000037517     0.000152098    -0.000016882    -0.000837525    15.417000000     0.150000870
    97.000000000     1.000000000     0.000119144     0.001039357    -0.000225061    -0.001850716    -0.000011820     0.001667820    15.417000000     0.150000870
    98.000000000     1.000000000     0.000090433     0.000982675    -0.000018072    -0.000098420     0.000002115     0.001570058    15.417000000     0.150000870
    99.000000000     1.000000000     0.000016221     0.000143055     0.000028438     0.000288877     0.000030358     0.000401458    15.417000000     0.150000870
   100.000000000     1.000000000    -0.000090370    -0.000970827    -0.000055927    -0.000677814    -0.000012087    -0.001288085    15.417000000     0.150000870
